a:
0 4 3 6 1 
4 0 4 9 6 
5 4 0 7 9 
3 7 9 0 4 
8 8 6 7 0 

b:
0 4 8 3 8 
7 0 3 2 7 
1 7 0 5 1 
9 9 9 0 4 
3 2 6 8 0 

a1*b:
88 77 72 31 55 
103 137 149 80 72 
118 101 169 95 96 
70 83 69 100 82 
125 137 151 70 154 

Passed 1 millis

threats2:

threats
a*b:
88 77 72 31 55 
103 137 149 80 72 
118 101 169 95 96 
70 83 69 100 82 
125 137 151 70 154 

Passed 2 millis

threats3:

threats
a*b:
88 77 72 31 55 
103 137 149 80 72 
118 101 169 95 96 
70 83 69 100 82 
125 137 151 70 154 

Passed 1 millis

threats4:

threats
a*b:
88 77 72 31 55 
103 137 149 80 72 
118 101 169 95 96 
70 83 69 100 82 
125 137 151 70 154 

Passed 2 millis

